38
287
737
265
238
429
181
791
364
643
998
267
655
671
107
976
24
95
177
828
252
952
918
214
340
734
129
805
533
100
577
260
357
625
784
847
764
765
622
434
551
124
278
268
817
681
885
109
502
431
958
987
425
583
99
345
811
881
404
658
887
788
460
296
767
163
770
900
247
963
594
691
592
769
505
531
461
264
74
217
14
609
237
755
631
579
700
352
534
6
412
349
387
964
578
258
654
152
688
57
419
327
171
483
644
973
15
587
498
279
508
466
595
212
819
43
910
798
275
435
190
70
666
230
548
575
59
273
111
816
570
990
684
20
931
875
46
743
120
418
351
793
719
722
568
116
339
874
344
323
955
735
721
876
902
775
945
751
829
127
458
366
26
528
527
335
175
930
618
868
941
402
890
81
248
892
223
334
341
652
216
951
96
7
436
176
417
411
783
537
210
795
746
883
215
637
281
454
980
709
244
867
899
318
957
968
448
913
710
255
905
802
803
308
169
233
86
168
263
92
290
289
557
933
826
613
480
598
4
647
75
786
295
495
193
350
636
172
299
399
186
591
488
780
204
756
815
778
13
353
319
119
641
820
236
966
80
696
19
857
825
79
525
953
612
507
198
157
686
501
485
463
329
503
596
682
782
371
771
121
136
453
162
843
818
796
374
159
22
54
56
954
456
712
489
87
337
377
424
28
428
653
779
916
921
444
45
330
292
3
561
897
206
994
11
309
118
356
33
367
545
384
471
67
513
101
573
31
94
854
749
950
153
167
542
261
714
597
928
736
669
10
937
645
830
707
668
781
634
300
882
750
738
73
731
926
131
455
753
484
130
469
199
151
792
246
986
291
403
122
948
535
228
880
872
77
943
869
63
298
932
879
467
646
400
628
600
742
552
256
254
853
76
804
716
758
837
288
409
188
886
90
182
745
524
426
834
543
305
806
294
689
965
314
394
239
382
509
960
209
423
550
84
213
282
754
227
58
245
663
178
40
729
332
888
316
360
697
41
104
947
476
174
333
694
895
66
752
549
322
297
602
978
723
137
433
221
487
606
18
324
71
898
762
17
590
35
917
638
23
506
970
164
250
556
69
311
849
993
860
338
452
670
462
390
132
959
635
68
272
346
398
257
974
232
676
862
438
821
65
304
855
408
156
807
559
277
706
147
479
211
195
383
873
310
680
603
450
271
971
51
457
242
611
833
62
165
496
914
283
325
562
808
128
944
194
773
567
859
170
427
262
141
222
546
607
235
37
572
938
114
504
385
5
459
929
690
313
78
493
395
447
733
991
584
134
979
649
656
321
582
220
526
307
585
677
679
113
657
540
617
465
683
266
202
32
866
845
981
711
386
143
83
832
361
995
836
52
621
139
473
150
674
269
884
713
439
47
616
64
593
893
907
200
21
521
642
640
861
125
560
500
415
839
142
785
72
365
856
619
627
827
673
727
740
196
777
996
331
701
112
695
123
608
355
183
201
891
708
251
369
761
626
678
842
747
748
414
977
715
919
388
205
482
915
359
347
810
312
529
574
12
662
717
725
89
1
240
379
871
624
53
224
9
569
468
739
117
774
983
517
651
302
800
511
405
191
623
692
601
25
154
922
397
962
464
813
940
878
146
799
544
630
906
430
889
30
280
34
629
491
293
809
91
393
541
36
354
841
451
852
376
759
226
218
284
565
518
413
207
60
381
512
410
470
685
858
179
934
969
846
610
967
702
604
8
148
437
838
166
615
259
514
520
475
797
687
363
776
605
982
343
270
589
539
516
445
812
768
547
241
563
571
276
848
614
486
515
115
665
55
639
105
989
440
835
822
446
392
93
536
566
401
814
720
790
189
732
870
416
992
553
317
187
675
185
477
632
108
16
348
197
894
42
925
850
949
39
523
50
2
650
145
285
558
693
530
155
794
999
375
667
522
823
497
844
909
106
49
158
372
961
380
420
231
432
877
648
27
824
490
368
492
85
538
225
97
422
920
421
102
912
901
472
726
149
741
303
939
138
110
342
234
326
243
274
661
135
161
633
320
249
133
61
370
865
29
336
672
935
396
564
924
219
229
510
442
863
160
787
286
306
406
1000
184
831
903
519
88
103
659
927
704
362
972
923
730
956
904
588
705
988
443
760
494
82
599
173
728
840
946
789
664
301
620
660
44
942
757
911
373
703
98
481
699
499
449
718
864
766
391
576
896
144
975
126
744
378
208
851
985
936
407
140
441
532
724
180
478
389
772
315
698
328
580
984
203
555
586
908
554
997
48
358
192
253
801
474
763
581